0	20000	|||||||||||||||||||||||||||||||||||||||||||||||||||||||||||||||||||||||||||||||||||||||||||||*******	92.63	0.07	6.87	0.55
40000	60000	|||||||||||||||||||||||||||||||||||||||||||||||||||||||||||||||||||||||||||||||||||||||||||||*******	92.7	0.07	5.6	0.44
60000	80000	||||||||||||||||||||||||||||||||||||||||||||||||||||||||||||||||||||||||||||||||||||||||||||||||||||	100.0	0.0	7.55	0
80000	100000	||||||||||||||||||||||||||||||||||||||||||||||||||||||||||||||||||||||||||||||||||||||||||||||||||||	100.0	0.0	1.64	0
100000	120000	|||||||||||||||||||||||||||||||||||||||||||||||||||||||||||||||||||||||||||||||||||||||||***********	88.82	0.11	4.97	0.63
120000	140000	||||||||||||||||||||||||||||||||||||||||||||||||||||||||||||||||||||||||||||||||||||||||||||||||||||	100.0	0.0	13.91	0
140000	160000	|||||||||||||||||||||||||||||||||||||||||||||||||||||||||||||||||||||||||||||||||||||||||||||||||||*	99.06	0.01	7.03	0.07
160000	180000	||||||||||||||||||||||||||||||**********************************************************************	29.78	0.7	1.49	3.51
180000	200000	||||||||||||||||||||||||||||||||||||||||||||||||||||||||||||||||||||||||||||||||||||||||||||||||||||	100.0	0.0	1.34	0
200000	220000	||||||||||||||||||||||||||||||||||||||||||||||||||||||||||||||||||||||||||||||||||||||||||||||||||||	100.0	0.0	13.0	0
220000	240000	||||||||||||||||||||||||||||||||||||||||||||||||||||||||||||||||||||||||||||||||||||||||||||||||||||	100.0	0.0	5.11	0
240000	260000	||||||||||||||||||||||||||||||||||||||||||||||||||||||||||||||||||||||||||||||||||||||||||||||||||||	100.0	0.0	7.84	0
280000	300000	||||||||||||||||||||||||||||||||||||||||||||||||||||||||||||||||||||||||||||||||||||||||||||||||||||	100.0	0.0	25.23	0
300000	320000	||||||||||||||||||||||||||||||||||||||||||||||||||||||||||||||||||||||||||||||||||||||||||||||||||||	100.0	0.0	2.5	0
340000	360000	||||||||||||||||||||||||||||||||||||||||||||||||||||||||||||||||||||||||||||||||||||||||||||||||||||	100.0	0.0	3.41	0
360000	380000	||||||||||||||||||||||||||||||||||||||||||||||||||||||||||||||||||||||||||||||||||||||||||||||||||||	100.0	0.0	14.32	0
400000	420000	||||||||||||||||||||||||||||||||||||||||||||||||||||||||||||||||||||||||||||||||||||||||||||||||||||	100.0	0.0	2.31	0
420000	440000	****************************************************************************************************	0.0	1.0	0	4.6
440000	460000	||||||||||||||||||||||||||||||||||||||||||||||||||||||||||||||||||||||||||||||||||||||||||||||||||||	100.0	0.0	4.17	0
460000	480000	||||||||||||||||||||||||||||||||||||||||||||||||||||||||||||||||||||||||||||||||||||||||||||||||||||	100.0	0.0	3.62	0
480000	500000	|||||||||||||||||||||||||||||||||||||||||||||||||||||||||||||||||||||||||||||||||||||***************	85.1	0.15	2.43	0.43
500000	520000	||||||||||||||||||||||||||||||||||||||||||||||||||||||||||||||||||||||||||||||||||||||||||||||||||||	100.0	0.0	3.38	0
520000	540000	||||||||||||||||||||||||||||||||||||||||||||||||||||||||||||||||||||||||||||||||||||||||||||||||||||	100.0	0.0	10.24	0
540000	560000	||||||||||||||||||||||||||||||||||||||||||||||||||||||||||||||||||||||||||||||||||||||||||||||||||||	99.88	0.0	39.29	0.05
560000	580000	||||||||||||||||||||||||||||||||||||||||||||||||||||||||||||||||||||||||||||||||||||||||||||||||||||	100.0	0.0	4.23	0
580000	600000	||||||||||||||||||||||||||||||||||||||||||||||||||||||||||||||||||||||||||||||||||||||||||||||||||||	100.0	0.0	5.58	0
600000	620000	||||||||||||||||||||||||||||||||||||||||||||||||||||||||||||||||||||||||||||||||||||||||||||||||||||	100.0	0.0	14.49	0
620000	640000	||||||||||||||||||||||||||||||||||||||||||||||||||||||**********************************************	54.29	0.46	24.6	20.72
640000	660000	||||||||||||||||||||||||||||||||||||||||||||||||||||||||||||||||||||||||||||||||||||||||||||||||||||	100.0	0.0	41.42	0
660000	680000	||||||||||||||||||||||||||||||||||||||||||||||||||||||||||||||||||||||||||||||||||||||||||||||||||||	100.0	0.0	5.08	0
700000	720000	||||||||||||||||||||||||||||||||||||||||||||||||||||||||||||||||||||||||||||||||||||||||||||||||||||	100.0	0.0	6.01	0
720000	740000	|||||||||||||||||||||||||||||||||||||||||||||||||||||||||||*****************************************	59.42	0.41	4.06	2.77
740000	760000	||||||||||||||||||||||||||||||||||||||||||||||||||||||||||||||||||||||||||||||||||||||||||||||||||||	100.0	0.0	1.85	0
760000	780000	|||||||||||||||||||||||||||||||||||||||*************************************************************	38.86	0.61	1.48	2.34
780000	800000	||||||||||||||||||||||||||||||||||||||||||||||||||||||||||||||||||||||||||||||||||||||||||||||||||||	100.0	0.0	17.01	0
800000	820000	||||||||||||||||||||||||||||||||||||||||||**********************************************************	42.28	0.58	6.44	8.79
820000	840000	||||||||||||||||||||||||||||||||||||||||||**********************************************************	41.83	0.58	5.81	8.08
840000	860000	|||||||||||||||||||||||||||||||||||||||||||||||||||||||||||||||||||||||||||||||||||||||||||||*******	92.67	0.07	22.24	1.76
860000	880000	****************************************************************************************************	0.0	1.0	0	0.89
880000	900000	||||||||||||||||||||||||||||||||||||||||||||||||||||||||||||||||||||||||||||||||||||||||||||||||||||	100.0	0.0	45.37	0
920000	940000	||||||||||||||||||||||||||||||||||||||||||||||||||||||||||||||||||||||||||||||||||||||||||||||||||||	100.0	0.0	49.45	0
960000	980000	||||||||||||||||||||||||||||||||||||||||||||||||||||||||||||||||||||||||||||||||||||||||||||||||||||	100.0	0.0	47.47	0
980000	1000000	||||||||||||||||||||||||||||||||||||||||||||||||||||||||||||||||||||||||||||||||||||||||||||||||||||	100.0	0.0	34.11	0
1060000	1080000	||||||||||||||||||||||||||||||||||||||||||||||||||||||||||||||||||||||||||||||||||||||||||||||||||||	100.0	0.0	46.87	0
1080000	1100000	|||||||||||||||||||||||||||||||||||||||||||||||||||||||*********************************************	55.16	0.45	4.99	4.06
1120000	1140000	||||||||||||||||||||||||||||||||||||||||||**********************************************************	42.31	0.58	0.94	1.28
1140000	1160000	||||||||||||||||||||||||||||||||||||||||||||||||||||||||||||||||||||||||||||||||||||||||||||||||||||	100.0	0.0	16.78	0
1160000	1180000	||||||||********************************************************************************************	7.72	0.92	2.35	28.11
1180000	1200000	||||||||||||||||||||||||||||||||||||||||||||||||||||||||||||||||||||||||||||||||||||||||||||||||||||	100.0	0.0	31.47	0
1240000	1260000	||||||||||||||||||||||||||||||||||||||||||||||||||||||||||||||||||||||||||||||||||||||||||||||||||||	100.0	0.0	4.95	0
1260000	1280000	||||||||||||||||||||||||||||||||||||||||||||||||||||||||||||||||||||||||||||||||||||||||||||||||||||	100.0	0.0	43.44	0
1280000	1300000	||||||||||||||||||||||||||||||||||||||||||||||||||||||||||||||||||||||||||||||||||||||||||||||||||||	100.0	0.0	2.46	0
1300000	1320000	||||||||||||||||||||||||||||||||||||||||||||||||||||||||||||||||||||||||||||||||||||||||||||||||||||	100.0	0.0	47.74	0
1320000	1340000	||||||||||||||||||||||||||||||||||||||||||||||||||||||||||||||**************************************	61.85	0.38	3.37	2.08
1340000	1360000	|||||||||||||||||||||||||||||||||||||||||||||||||||||||||||||||*************************************	62.63	0.37	3.91	2.33
1360000	1380000	||||||||||||||||||||||||||||||||||||||||||||||||||||||||||||||||||||||||||||||||||||||||||||||||||||	100.0	0.0	9.48	0
1380000	1400000	||||||||||||||||||||||||||||||||||||||||||||||||||||||||||||||||||||||||||||||||||||||||||||||||||||	100.0	0.0	2.32	0
1400000	1420000	||||||||||||||||||||||||||||||||||||||||||||||||||||||||||||||||||||||||||||||||||||||||||||||||||||	100.0	0.0	15.58	0
1420000	1440000	||||||||||||||||||||||||||||||||||||||||||||||||||||||||||||||||||||||||||||||||||******************	81.6	0.18	2.75	0.62
1440000	1460000	|||||||||||||||||||||||||||||||||||||||||||||||||||||||||||||||||||||||||||||***********************	76.74	0.23	3.77	1.14
1460000	1480000	||||||||||||||||||||||||||||||||||||||||||||||||||||||||||||||||||||||||||||||||||******************	82.33	0.18	5.34	1.15
1480000	1500000	||||||||||||||||||||||||||||||||||||||||||||||||||||||||||||||||||||||||||||||||||||||||||||||||||||	100.0	0.0	5.05	0
1500000	1520000	||||||||||||||||||||||||||||||||||||||||||||||||||||||||||||||||||||||||||||||||||||||||||||||||||||	100.0	0.0	4.67	0
1520000	1540000	||||||||||||||||||||||||||||||||||||||||||||||||||||||||||||||||||||||||||||||||||||||||||||||||||||	100.0	0.0	4.87	0
1540000	1560000	||||||||||||||||||||||||||||||||||||||||||||||||||||||||||||||||||||||||||||||||||||||||||||||||||||	100.0	0.0	5.08	0
1580000	1600000	||||||||||||||||||||||||||||||||||||||||||||||||||||||||||||||||||||||||||||||||||||||||||||||||||||	100.0	0.0	6.25	0
1600000	1620000	||||||||||||||||||||||||||||||||||||||||||||||||||||||||||||||||||||||||||**************************	74.3	0.26	5.39	1.86
1620000	1640000	||||||||||||||||||||||||||||||||||||||||||||||||||||||||||||||||||||||||||||************************	75.98	0.24	3.55	1.12
1640000	1660000	||||||||||||||||||||||||||||||||||||||||||||||||||||||||||||||||||||||||||||||||||||||||||||||||||||	100.0	0.0	51.26	0
1660000	1680000	||||||||||||||||||||||||||||||||||||||||||||||||||||||||||||||||||||||||||||||||||||||||||||||||||||	100.0	0.0	1.38	0
1680000	1700000	||||||||||||||||||||||||||||||||||||||||||||||||||||||||||||||||||||||||||||||||||||||||||||||||||||	100.0	0.0	6.74	0
1700000	1720000	||||||||||||||||||||||||||||||||||||||||||||||||****************************************************	48.08	0.52	2.59	2.8
1720000	1740000	||||||||||||||||||||||||||||||||||||||||||||||||||||||||||||||||||||||||||||||||||||||||||||||||||||	100.0	0.0	2.51	0
1740000	1760000	||||||||||||||||||||||||||||||||||||||||||||||||||||||||||||||||||**********************************	66.0	0.34	6.71	3.46
1760000	1780000	|||||||||||||||||||||||||||||||||||||||||||||||||||||||||||||||||||||||||***************************	73.34	0.27	2.89	1.05
1780000	1800000	|||||||||||||||||||||*******************************************************************************	20.92	0.79	0.86	3.25
1800000	1820000	||||||||||||||||||||||||||||||||||||||||||||||||||||||||||||||||||||||||||||||||||||||||||||||******	94.09	0.06	7.01	0.44
1820000	1840000	||||||||||||||||||||||||||||||||||||||||||||||||||||||||||||||||||||||||||||************************	75.62	0.24	5.93	1.91
1840000	1860000	||||||||||||||||||||||||||||||||||||||||||||||||||||||||||||||||||||||||||||||||||||||||||||||||||||	100.0	0.0	3.86	0
1860000	1880000	||||||||||||||||||||||||||||||||||||||||||||||||||||||||||||||||||||||||||||||||||||||||||||||||||||	100.0	0.0	1.59	0
1880000	1900000	||||||||||||||||||||||||||||||||||||||||||||||||||||||||||||||||||||||||||||||||||||||||||||||||||||	100.0	0.0	4.93	0
1900000	1920000	||||||||||||||||||||||||||||||||||||||||||||||||||||||||||||||||||||||||||||||||||||||||||||||||||||	100.0	0.0	5.46	0
1920000	1940000	||||||||||||||||||||||||||||||||||||||||||||||||||||||||||||||||||||||||||||||||||||||||||||||||||||	100.0	0.0	1.17	0
1940000	1960000	||||||||||||||||||||||||||||||||||||||||||||||||||||||||||||||||||||||||||||||||||||||||||||||||||||	100.0	0.0	2.33	0
1960000	1980000	||||||||||||||||||||||||||||||||||||||||************************************************************	39.66	0.6	5.07	7.71
1980000	2000000	|||||||||||||||||||||||||||||||||||||||*************************************************************	39.15	0.61	4.02	6.24
2000000	2020000	||||||||||||||||||||||||||||||||||||||||||||||||||||||||||||||||||||||||||||||||||||||||||||||||||||	99.9	0.0	44.42	0.05
2020000	2040000	|||||||||||||||||||||||||||||||||||||||||||||||||||||||||||||||||||||||||||||***********************	77.09	0.23	13.09	3.89
2040000	2060000	||||||||||||||||||||||||||||||||||||||||||||||||||||||||||||||||||||||||||||||||||||||||||||||||||||	100.0	0.0	5.06	0
2060000	2080000	||||||||||||||||||||||||||||||||||||||||||||||||||||||||||||||||||||||||||||||||||||||||||||||||||||	100.0	0.0	28.78	0
2080000	2100000	||||||||||||||||||||||||||||||||||||||||||||||||||||||||||||||||||||||||||||||||||******************	81.6	0.18	4.33	0.98
2100000	2120000	|||||||||||||||||||||||||||||||||||||||||||||||||||||||||||||||||||*********************************	66.52	0.33	0.96	0.48
2120000	2140000	|||||||||||||||||||||||||||||||||||||||||||||||||||||||||||||||||||||||*****************************	70.68	0.29	3.63	1.5
2140000	2160000	||||||||||||||||||||||||||||||||||||||||||||||||||||||||||||||||||||||||||||||**********************	77.56	0.22	1.15	0.33
2160000	2180000	****************************************************************************************************	0.0	1.0	0	0.62
2180000	2200000	||||||||||||||||||||||||||||||||||||||||||||||||||||||||||||||||||||||||||||||||||||||||||||||||||||	100.0	0.0	1.03	0
2200000	2220000	||||||||||||||||||||||||||||||||||||||||||||||||||||||||||||||||||||||||||||||||||||||||||||||******	93.88	0.06	7.68	0.5
2220000	2240000	||||||||||||||||||||||||||||||||||||||||||||||||||||||||||||||||||||||||||||||||||||||||||||||||||||	100.0	0.0	6.53	0
2240000	2260000	||||||||||||||||||||||||||||||||||||||||||||||||||||||||||||||||||||||||||||||||||||||||||||||||||||	100.0	0.0	4.75	0
2260000	2280000	||||||||||||||||||||||||||||||||||||||||||||||||||||************************************************	52.35	0.48	6.17	5.62
2280000	2300000	||||||||||||||||||||||||||||||||||||||||||||||||||||||||||||||||||||||||||||||||||||||||||||||||||||	100.0	0.0	3.43	0
2300000	2320000	||||||||||||||||||||||||||||||||||||||||||||||||||||||||||||||||||||||||||||||||||||||||||||||||||||	100.0	0.0	6.41	0
2320000	2340000	|||||||||||||||||||||||||||||||||||||||||||||||||||||||*********************************************	55.2	0.45	1.26	1.02
2340000	2360000	||||||||||||||||||||||||||||||||||||||||||||||||||||||||||||||||||||||||||||||||||||||||||||||||||||	100.0	0.0	3.73	0
2360000	2380000	||||||||||||||||||||||||||||||||||||||||||||||||||||||||||||||||||||||||||||||||||||||||||||||||||||	100.0	0.0	2.53	0
2400000	2420000	||||||||||||||||||||||||||||||||||||||||||||||||||||||||||||||||||||||||||||||||||||||||||||||||||||	100.0	0.0	3.82	0
2440000	2460000	||||||||||||||||||||||||||||||||||||||||||||||||||||||||||||||||||||||||||||||||||||||||||||||||||||	100.0	0.0	41.25	0
2480000	2500000	||||||||||||||||||||||||||||||||||||||||||||||||||||||||||||||||||||||||||||||||||||||||||||||||||||	100.0	0.0	12.2	0
2500000	2520000	||||||||||||||||||||||||||||||||||||||||||||||||||||||||||||||||||||||||||||||||||||||||||||||||||||	100.0	0.0	26.46	0
2540000	2560000	||||||||||||||||||||||||||||||||||||||||||||||||||||||||||||||||||||||||||||||||||||||||||||||||||||	100.0	0.0	14.27	0
2560000	2580000	||||||||||||||||||||||||||||||||||||||||||||||||||||||||||||||||||||||||||||||||||||||||||||||||||||	100.0	0.0	2.39	0
2600000	2620000	|||||||||||||||||||||||||||||||||||||||||||||||||||||||||||||***************************************	61.08	0.39	27.93	17.8
2720000	2740000	****************************************************************************************************	0.0	1.0	0	44.95
2760000	2780000	||||||||||||||||||||||||||||||||||||||||||||||||||||||||||||||||||||||||||||||||||||||||||||||||||||	100.0	0.0	49.18	0
2780000	2800000	****************************************************************************************************	0.0	1.0	0	30.83
2820000	2840000	||||||||||||||||||||||||||||||||||||||||||||||||||||||||||||||||||||||||||||||||||||||||||||||||||||	100.0	0.0	4.04	0
2840000	2860000	||||||||||||||||||||||||||||||||||||||||||||||||||||||||||||||||||||||||||||||||||||||**************	86.4	0.14	6.68	1.05
2860000	2880000	||||||||||||||||||||||||||||||||||||||||||||||||||||||||||||||||||||||||||||||||||||||||||||||******	93.69	0.06	16.68	1.12
2920000	2940000	****************************************************************************************************	0.0	1.0	0	6.85
2940000	2960000	|||||||||||||||||||||||||||||||||||||||||||||||||||||||||||||||||||||||||||||||||||||||||||||||||||*	99.41	0.01	41.45	0.25
2960000	2980000	****************************************************************************************************	0.0	1.0	0	8.28
2980000	3000000	|||||||||||||||*************************************************************************************	14.95	0.85	1.25	7.13
3000000	3020000	****************************************************************************************************	0.0	1.0	0	9.48
3020000	3040000	||||||||||||||||||||||||||||||||||||||||||||||||||||||||||||||||||||||||||||||||||||||||||||********	92.49	0.08	14.99	1.22
3040000	3060000	****************************************************************************************************	0.0	1.0	0	1.86
3060000	3080000	****************************************************************************************************	0.0	1.0	0	12.69
3080000	3100000	|||||||||||||||||||||||||||||||||||||||||||||||||||||||||||||||||||||||||||||||||*******************	80.92	0.19	28.75	6.78
3100000	3120000	||||||||||||||||||||||||||||||||||||||||||||||||||||||||||||||||||||||||||||||||||||||||||||||||||||	100.0	0.0	47.09	0
3120000	3140000	****************************************************************************************************	0.0	1.0	0	19.0
3140000	3160000	****************************************************************************************************	0.0	1.0	0	49.09
3160000	3180000	****************************************************************************************************	0.0	1.0	0	4.05
3200000	3220000	****************************************************************************************************	0.0	1.0	0	45.99
3220000	3240000	****************************************************************************************************	0.0	1.0	0	1.9
3240000	3260000	****************************************************************************************************	0.0	1.0	0	1.89
3260000	3280000	****************************************************************************************************	0.0	1.0	0	10.67
3280000	3300000	||||************************************************************************************************	3.85	0.96	0.03	0.73
3300000	3320000	****************************************************************************************************	0.0	1.0	0	8.28
3320000	3340000	||||||||||||||||||||||||****************************************************************************	24.26	0.76	1.69	5.27
3340000	3360000	****************************************************************************************************	0.0	1.0	0	1.75
3360000	3380000	|||||||||||||||||||||||||||||||||||||||*************************************************************	38.71	0.61	1.84	2.92
3380000	3400000	****************************************************************************************************	0.0	1.0	0	0.47
3400000	3420000	|||||||||||||||||||||||||||||||||||*****************************************************************	35.08	0.65	1.14	2.12
3420000	3440000	****************************************************************************************************	0.0	1.0	0	3.1
3440000	3460000	|||||||||||||||||||||||||||||||||||||||||||||||||||||||||||||||||||||||||||||||||||||||||||||||*****	95.36	0.05	18.06	0.88
3460000	3480000	****************************************************************************************************	0.0	1.0	0	3.87
3480000	3500000	****************************************************************************************************	0.0	1.0	0	4.91
3520000	3540000	****************************************************************************************************	0.0	1.0	0	36.68
3560000	3580000	****************************************************************************************************	0.0	1.0	0	2.78
3580000	3600000	****************************************************************************************************	0.0	1.0	0	9.08
3600000	3620000	****************************************************************************************************	0.0	1.0	0	3.75
3620000	3640000	|||||||||||||||||||||||||***************************************************************************	25.41	0.75	2.8	8.21
3640000	3660000	||||||||||||||||||||||||||||||||||||||||||||||||||||||||||||||||||||||||||||||||||||||||||||||||||||	100.0	0.0	0.34	0
3660000	3680000	****************************************************************************************************	0.0	1.0	0	0.53
3680000	3700000	****************************************************************************************************	0.0	1.0	0	26.25
3700000	3720000	****************************************************************************************************	0.0	1.0	0	4.95
3720000	3740000	****************************************************************************************************	0.0	1.0	0	5.3
3740000	3760000	****************************************************************************************************	0.0	1.0	0	5.09
3760000	3780000	||||||||||||||||||||||||||||||||||||||||||||||||||||||||||||||||||||||||||||||||||||||||||||||||||||	100.0	0.0	21.74	0
3780000	3800000	||||||||||||||||||||||||||||||||||||****************************************************************	36.0	0.64	4.17	7.41
3800000	3820000	****************************************************************************************************	0.0	1.0	0	1.77
3820000	3840000	****************************************************************************************************	0.0	1.0	0	5.44
3840000	3860000	****************************************************************************************************	0.0	1.0	0	5.3
3860000	3880000	****************************************************************************************************	0.0	1.0	0	50.75
3880000	3900000	****************************************************************************************************	0.0	1.0	0	22.87
3920000	3940000	||||||||||||||||||||********************************************************************************	20.16	0.8	0.07	0.28
4000000	4020000	****************************************************************************************************	0.0	1.0	0	17.5
4060000	4080000	****************************************************************************************************	0.0	1.0	0	47.92
4080000	4100000	****************************************************************************************************	0.0	1.0	0	48.25
4100000	4120000	****************************************************************************************************	0.0	1.0	0	8.65
4140000	4160000	****************************************************************************************************	0.0	1.0	0	7.64
4160000	4180000	****************************************************************************************************	0.0	1.0	0	8.07
4180000	4200000	|||||||||*******************************************************************************************	8.79	0.91	1.35	13.98
4260000	4280000	|||||||||||||||||||||||||||||||||||||||||||||||||||||||||||||||||||||||||||||||||||||||||||||||||||*	99.06	0.01	33.69	0.32
4280000	4300000	****************************************************************************************************	0.0	1.0	0	5.08
4300000	4320000	****************************************************************************************************	0.0	1.0	0	2.7
4320000	4340000	****************************************************************************************************	0.0	1.0	0	2.63
4340000	4360000	****************************************************************************************************	0.0	1.0	0	7.43
4360000	4380000	||||||||||||||||||||||||||||||||||||||||||||||||||||||||||||||||||||||||||||||||||||||||||||********	92.08	0.08	29.98	2.58
4380000	4400000	****************************************************************************************************	0.0	1.0	0	8.13
4400000	4420000	****************************************************************************************************	0.0	1.0	0	5.99
4420000	4440000	****************************************************************************************************	0.0	1.0	0	3.23
4440000	4460000	|||||||||||||||||||||||||||||||||||||||||||||||||||||||||||||||||||||||||||||||||||||||||***********	88.67	0.11	20.75	2.65
4460000	4480000	||||||||||||||||||||||||****************************************************************************	24.35	0.76	1.65	5.13
4480000	4500000	|||||||||||||||||||*********************************************************************************	18.91	0.81	1.24	5.3
4500000	4520000	||||||||||||||||||||||||||||||||||||||||||||||||||||||||||||||||||||||||||||************************	76.44	0.24	5.37	1.65
4520000	4540000	****************************************************************************************************	0.0	1.0	0	7.21
4540000	4560000	****************************************************************************************************	0.0	1.0	0	4.83
4580000	4600000	****************************************************************************************************	0.35	1.0	0.15	43.28
4600000	4620000	|||||||||||||||||||||||||||||||||||||||||||||||||||||||||||||||||||||||||||||||||||||***************	84.93	0.15	27.78	4.93
4620000	4640000	****************************************************************************************************	0.0	1.0	0	1.9
4640000	4660000	****************************************************************************************************	0.0	1.0	0	15.2
4660000	4680000	****************************************************************************************************	0.0	1.0	0	7.23
4680000	4700000	||||||||||||||||||||||||||||||||||||||||||**********************************************************	41.66	0.58	1.63	2.29
4700000	4720000	|||||||||||||||||||||||||||||||||||||||||||||||||||||||||||||||||||||||*****************************	71.27	0.29	9.36	3.77
4720000	4740000	|||||||||||||||||||||||||||||||||||||||||||||||||||||||||||||||||***********************************	65.27	0.35	6.79	3.61
4740000	4760000	||||||||||||||||||||||||||||||||||||||||||||||||||||||||||||||||||||||||||||||||********************	79.63	0.2	14.21	3.63
4760000	4780000	****************************************************************************************************	0.0	1.0	0	3.27
4780000	4800000	****************************************************************************************************	0.0	1.0	0	10.19
4800000	4820000	|||||||||||||||||||||||||||||||||||||||||||||||*****************************************************	47.03	0.53	7.94	8.95
4820000	4840000	||||||||||||||||||||||||||||||||||||||||||||||||||||||||||||||||************************************	64.38	0.36	9.38	5.19
4840000	4860000	|||||||||||||***************************************************************************************	13.11	0.87	0.55	3.64
4860000	4880000	||||||||||||||||||||||||||||||||||||||||||||||||||||||||||||||||||||||||||||||||||||****************	83.72	0.16	29.12	5.67
4880000	4900000	****************************************************************************************************	0.0	1.0	0	10.36
4900000	4920000	****************************************************************************************************	0.0	1.0	0	4.98
4920000	4940000	|||||||||||||||||||||||||||||||||||||||||||||||||***************************************************	49.29	0.51	4.57	4.7
4940000	4960000	****************************************************************************************************	0.0	1.0	0	6.37
4960000	4980000	||||||||||||||||||||||||||||||||||||||||||||||||||||||||||||||||||||||||||||||||||||||||||||||||||||	100.0	0.0	2.98	0
4980000	5000000	||||||||********************************************************************************************	7.73	0.92	0.13	1.54
5000000	5020000	****************************************************************************************************	0.0	1.0	0	1.86
5020000	5040000	|||||||||||||||||||||||||||||||||||||||||||||||||||||||||||||||*************************************	62.75	0.37	5.7	3.38
5040000	5060000	|||||||||*******************************************************************************************	9.18	0.91	0.95	9.44
5060000	5080000	****************************************************************************************************	0.0	1.0	0	8.31
5080000	5100000	|||||||||||||||||||||||||||||***********************************************************************	28.61	0.71	2.65	6.61
5100000	5120000	||||||||||||||||||||||||||||||||||||||||||||||||||||||||||******************************************	57.9	0.42	4.69	3.41
5140000	5160000	****************************************************************************************************	0.0	1.0	0	10.35
5180000	5200000	||||||||||||||||||||||||||||||||********************************************************************	31.91	0.68	1.44	3.07
5200000	5220000	|||||||*********************************************************************************************	7.03	0.93	0.83	10.95
5220000	5240000	****************************************************************************************************	0.0	1.0	0	10.41
5240000	5260000	||||||||||||||||||||||||||||||||||||||||||||||||||||||||||||****************************************	60.02	0.4	4.17	2.77
5260000	5280000	||||||||||||||||||||||||||||||||||******************************************************************	33.85	0.66	1.27	2.48
5280000	5300000	****************************************************************************************************	0.0	1.0	0	2.42
5300000	5320000	****************************************************************************************************	0.0	1.0	0	12.57
5320000	5340000	|||||||||||||||||||||||||||||||||||||||||||||||||||||||||*******************************************	57.42	0.43	4.19	3.11
5340000	5360000	|||||||||||||||||||||||||||*************************************************************************	26.99	0.73	8.76	23.7
5380000	5400000	||||||||||||||||||||||||||||||||||||||||||||||||||||||||||||||||||||||||||||||||||||||||||||||||||**	97.96	0.02	28.0	0.58
5420000	5440000	****************************************************************************************************	0.0	1.0	0	8.03
5460000	5480000	****************************************************************************************************	0.0	1.0	0	5.66
5500000	5520000	****************************************************************************************************	0.0	1.0	0	0.06
5520000	5540000	||||||||||||||**************************************************************************************	14.14	0.86	0.49	2.96
5540000	5560000	****************************************************************************************************	0.0	1.0	0	3.03
5560000	5580000	|||||||||||||||||||||||||||||||||||||||||||||||||||||||||||||||*************************************	62.62	0.37	6.28	3.75
5580000	5600000	****************************************************************************************************	0.0	1.0	0	9.05
5600000	5620000	|||||||||||||||||||||||||||||||||||||||||||||||||||||||||||||||||||*********************************	67.23	0.33	4.99	2.43
5640000	5660000	****************************************************************************************************	0.0	1.0	0	1.64
5660000	5680000	****************************************************************************************************	0.0	1.0	0	40.52
5700000	5720000	||||||||||||||||||||||||||||||||||||||||||||||||||||||||||||||||||||||||||||||||||||||||||||||||||||	100.0	0.0	0.05	0
5760000	5780000	****************************************************************************************************	0.0	1.0	0	3.67
5780000	5800000	****************************************************************************************************	0.0	1.0	0	19.92
5800000	5820000	****************************************************************************************************	0.0	1.0	0	3.25
5820000	5840000	****************************************************************************************************	0.0	1.0	0	2.04
5840000	5860000	****************************************************************************************************	0.0	1.0	0	2.56
5860000	5880000	|||||||||||||||*************************************************************************************	15.49	0.85	1.24	6.75
5880000	5900000	****************************************************************************************************	0.0	1.0	0	5.49
5920000	5940000	|||||||||||||||||||||||*****************************************************************************	22.8	0.77	0.93	3.14
5940000	5960000	****************************************************************************************************	0.0	1.0	0	2.81
5960000	5980000	****************************************************************************************************	0.0	1.0	0	1.8
5980000	6000000	||||||**********************************************************************************************	6.24	0.94	0.8	11.94
6000000	6020000	****************************************************************************************************	0.0	1.0	0	3.3
6020000	6040000	||||||||||||||||||||||||||||||||||||||||||||||||||||||||||||||||||||||||||||||||||||||||||||||||||||	100.0	0.0	2.72	0
6040000	6060000	****************************************************************************************************	0.0	1.0	0	7.76
6100000	6120000	||||||||||||||||||||||||||||||||||||||||||||||||||||||||||||||||||||||||||||||||||||||||||||||||||||	100.0	0.0	0.2	0
6140000	6160000	****************************************************************************************************	0.0	1.0	0	12.42
6160000	6180000	****************************************************************************************************	0.0	1.0	0	1.67
6200000	6220000	****************************************************************************************************	0.0	1.0	0	1.34
6220000	6240000	****************************************************************************************************	0.0	1.0	0	13.33
6240000	6260000	****************************************************************************************************	0.0	1.0	0	4.16
6300000	6320000	****************************************************************************************************	0.0	1.0	0	2.3
6320000	6340000	||||||||||||||||||||||||||||||||||||||||||||||||||||||||||||||||||||||||||||||||||||||||||||||||||||	99.77	0.0	33.98	0.08
6360000	6380000	||||||||||||||||||||||||||||||||||******************************************************************	33.8	0.66	5.15	10.1
6380000	6400000	****************************************************************************************************	0.0	1.0	0	51.94
6420000	6440000	****************************************************************************************************	0.0	1.0	0	5.0
6440000	6460000	****************************************************************************************************	0.0	1.0	0	12.89
6460000	6480000	|||||||||||||||||||||||*****************************************************************************	22.61	0.77	2.13	7.29
6520000	6540000	|||||||||||||||||||||||||||||||||||||||||***********************************************************	40.77	0.59	0.1	0.14
6540000	6560000	****************************************************************************************************	0.0	1.0	0	47.09
6580000	6600000	|||||||||||||||||||||||||***************************************************************************	25.41	0.75	2.02	5.92
6600000	6620000	****************************************************************************************************	0.0	1.0	0	41.06
6640000	6660000	****************************************************************************************************	0.0	1.0	0	6.27
6660000	6680000	****************************************************************************************************	0.0	1.0	0	0.68
6700000	6720000	****************************************************************************************************	0.0	1.0	0	5.15
6740000	6760000	|||||||||||||||||||||||||||||***********************************************************************	28.52	0.71	1.22	3.05
6760000	6780000	****************************************************************************************************	0.0	1.0	0	16.39
6780000	6800000	****************************************************************************************************	0.0	1.0	0	7.6
6800000	6820000	||||||||||||||||||||||||||||||||||||||||||||||||||||||||||||||**************************************	61.6	0.38	0.82	0.51
6820000	6840000	|||||||||||||||||||||||||||||||||||||||*************************************************************	38.66	0.61	1.77	2.8
6840000	6860000	||||||||||||||||||||||||||||||||||||||||||||||||||||||||||||||||||**********************************	66.21	0.34	5.0	2.55
6860000	6880000	****************************************************************************************************	0.0	1.0	0	1.75
6880000	6900000	****************************************************************************************************	0.0	1.0	0	2.95
6900000	6920000	****************************************************************************************************	0.0	1.0	0	1.68
6920000	6940000	****************************************************************************************************	0.0	1.0	0	2.62
6940000	6960000	****************************************************************************************************	0.0	1.0	0	4.4
6960000	6980000	|||||||||||||||||||||||||||||||||||||||||||||||||||||||||||||||||||||||||||||***********************	77.01	0.23	7.44	2.22
6980000	7000000	****************************************************************************************************	0.0	1.0	0	30.66
7000000	7020000	||||||||||||||||||||||||||||||||||||||||************************************************************	39.59	0.6	2.37	3.62
7020000	7040000	****************************************************************************************************	0.0	1.0	0	42.71
7040000	7060000	|||||||||||||||||||||||||||||||||||||***************************************************************	37.02	0.63	1.64	2.79
7060000	7080000	|||||||||||||||||||||||||||||||||||||||||||||||||||||||||||||||||||||||||||||||||||||||||||||||||||*	99.49	0.01	45.29	0.23
7080000	7100000	||||||||||||||||||||||||||||||||||||||||||||||||||||||||||||||||||||||||||||||||||||||||||||||||||||	100.0	0.0	2.99	0
7100000	7120000	|||||||||||||||||||||||||***************************************************************************	24.9	0.75	1.72	5.19
7120000	7140000	|***************************************************************************************************	0.51	0.99	0.02	3.44
7140000	7160000	|||||||||||||||||||||||||||||||||||||||||||||||||||||||||||||||||||*********************************	66.85	0.33	12.76	6.33
7160000	7180000	|||||||||*******************************************************************************************	8.97	0.91	0.51	5.18
7180000	7200000	****************************************************************************************************	0.0	1.0	0	1.33
7200000	7213512	||||||||||||||||||||||||||||||||********************************************************************	32.1	0.68	2.73	5.77
